0 3.81469726562e-06 1.90734863281e-06
1 4.05311584473e-06 4.05311584473e-06
2 3.81469726562e-06 3.81469726562e-06
3 4.05311584473e-06 5.00679016113e-06
4 5.00679016113e-06 5.00679016113e-06
5 5.96046447754e-06 5.96046447754e-06
6 5.96046447754e-06 7.15255737305e-06
7 7.15255737305e-06 6.91413879395e-06
8 5.96046447754e-06 8.10623168945e-06
9 7.86781311035e-06 8.10623168945e-06
10 7.86781311035e-06 9.05990600586e-06
11 7.86781311035e-06 1.00135803223e-05
12 9.05990600586e-06 1.00135803223e-05
13 1.00135803223e-05 1.09672546387e-05
14 9.05990600586e-06 1.09672546387e-05
15 1.00135803223e-05 1.21593475342e-05
16 1.09672546387e-05 1.28746032715e-05
17 1.19209289551e-05 1.38282775879e-05
18 1.19209289551e-05 1.38282775879e-05
19 1.31130218506e-05 1.50203704834e-05
20 1.4066696167e-05 1.50203704834e-05
21 1.38282775879e-05 1.62124633789e-05
22 1.4066696167e-05 1.69277191162e-05
23 1.4066696167e-05 1.69277191162e-05
24 1.50203704834e-05 1.81198120117e-05
25 1.50203704834e-05 1.8835067749e-05
26 1.59740447998e-05 1.90734863281e-05
27 1.69277191162e-05 2.00271606445e-05
28 1.78813934326e-05 2.09808349609e-05
29 1.81198120117e-05 2.19345092773e-05
30 1.78813934326e-05 2.31266021729e-05
