0 1.90734863281e-06
1 2.86102294922e-06
2 4.05311584473e-06
3 4.05311584473e-06
4 5.00679016113e-06
5 5.96046447754e-06
6 6.91413879395e-06
7 8.10623168945e-06
8 6.91413879395e-06
9 9.05990600586e-06
10 8.82148742676e-06
11 1.00135803223e-05
12 1.12056732178e-05
13 1.09672546387e-05
14 1.19209289551e-05
15 1.28746032715e-05
16 1.38282775879e-05
17 1.38282775879e-05
18 1.50203704834e-05
19 1.50203704834e-05
20 1.59740447998e-05
21 1.71661376953e-05
22 1.69277191162e-05
23 1.81198120117e-05
24 1.90734863281e-05
25 1.8835067749e-05
26 2.00271606445e-05
27 2.09808349609e-05
28 2.09808349609e-05
29 2.21729278564e-05
30 2.19345092773e-05
31 2.28881835938e-05
32 2.28881835938e-05
33 2.50339508057e-05
34 2.50339508057e-05
35 2.59876251221e-05
36 2.59876251221e-05
37 2.69412994385e-05
38 2.69412994385e-05
39 2.90870666504e-05
40 2.88486480713e-05
41 2.98023223877e-05
42 3.00407409668e-05
43 3.09944152832e-05
44 3.19480895996e-05
45 3.31401824951e-05
46 3.31401824951e-05
47 3.31401824951e-05
48 3.50475311279e-05
49 3.50475311279e-05
50 3.60012054443e-05
51 3.60012054443e-05
52 3.69548797607e-05
53 3.79085540771e-05
54 3.88622283936e-05
55 3.88622283936e-05
56 4.00543212891e-05
57 4.00543212891e-05
58 4.10079956055e-05
59 4.19616699219e-05
60 4.29153442383e-05
61 4.31537628174e-05
62 4.41074371338e-05
63 4.41074371338e-05
64 4.50611114502e-05
65 4.48226928711e-05
66 4.6968460083e-05
67 4.81605529785e-05
68 4.79221343994e-05
69 4.79221343994e-05
70 4.81605529785e-05
71 5.00679016113e-05
72 5.10215759277e-05
73 5.07831573486e-05
74 5.19752502441e-05
75 5.19752502441e-05
76 5.31673431396e-05
77 5.3882598877e-05
78 5.50746917725e-05
79 5.50746917725e-05
80 5.60283660889e-05
81 5.60283660889e-05
82 5.69820404053e-05
83 5.81741333008e-05
84 5.81741333008e-05
85 5.91278076172e-05
86 6.00814819336e-05
87 6.00814819336e-05
88 6.103515625e-05
89 0.000154972076416
90 6.29425048828e-05
91 6.29425048828e-05
92 6.38961791992e-05
93 6.38961791992e-05
94 6.48498535156e-05
95 6.60419464111e-05
96 6.60419464111e-05
97 6.69956207275e-05
98 6.79492950439e-05
99 6.79492950439e-05
100 6.91413879395e-05
