0 1.90734863281e-06 2.14576721191e-06
1000 0.000508785247803 0.00205087661743
2000 0.00101709365845 0.00411605834961
3000 0.00152277946472 0.00614190101624
4000 0.0020649433136 0.00834798812866
5000 0.00250196456909 0.0104458332062
6000 0.00299787521362 0.0123689174652
7000 0.00352787971497 0.0145671367645
8000 0.00398707389832 0.0163509845734
9000 0.00448298454285 0.0189850330353
10000 0.00503993034363 0.0212190151215
11000 0.00550103187561 0.0227770805359
12000 0.00597906112671 0.0244030952454
13000 0.00648999214172 0.0263481140137
14000 0.00699591636658 0.0292429924011
15000 0.00747203826904 0.0308558940887
